cam0:
  T_cam_imu:
   [0.03338206685847794, 0.9994426007850508, 0.000354045576069717, 0.04620478837380281,
    -0.006800088493037926, -0.00012710722811920538, 0.9999768710526455, 0.03342575119658135,
    0.9994195297315052, -0.0333837023076588, 0.006792055027063093, 0.0772285710460562,
    0.0, 0.0, 0.0, 1.0]
  cam_overlaps: [1]
  camera_model: pinhole
  distortion_coeffs: [-0.351269355905126, 0.0948909882135649, -0.000521049024082003,
    -0.0005115682945558299]
  distortion_model: radtan
  intrinsics: [389.2081753870191, 388.7277715137959, 331.47175770175704, 228.74454649911712]
  resolution: [644, 482]
  rostopic: /stereo/left/image_raw
  timeshift_cam_imu: 0.005
cam1:
  T_cam_imu:
   [0.015340626394071327, 0.9998595447923779, 0.006749508827760264, -0.07601847580152164,
    -0.001887624224901907, -0.006721331050137169, 0.9999756299949014, 0.03309663351545566,
    0.9998805438934308, -0.015352993079297328, 0.001784249669738447, 0.07831338938145023,
    0.0, 0.0, 0.0, 1.0]
  T_cn_cnm1:
   [0.9998167153167281, 0.0065179457264605625, -0.018001448740906596, -0.12104243661446826,
    -0.0064265604355887, 0.9999661919527275, 0.005129743904375115, -0.00042721254841846917,
    0.018034275539435984, -0.005013116302626758, 0.999824801438082, 0.0004326459634567661,
    0.0, 0.0, 0.0, 1.0]
  cam_overlaps: [0]
  camera_model: pinhole
  distortion_coeffs: [-0.350886952444365, 0.09331848103522117, -0.00015333700699099312,
    -0.0018122933881997393]
  distortion_model: radtan
  intrinsics: [395.268040163613, 395.0560204669281, 327.7710228413864, 243.64357286158557]
  resolution: [644, 482]
  rostopic: /stereo/right/image_raw
  timeshift_cam_imu: 0.005
T_imu_body:
  [1.0000, 0.0000, 0.0000, 0.0000,
  0.0000, 1.0000, 0.0000, 0.0000,
  0.0000, 0.0000, 1.0000, 0.0000,
  0.0000, 0.0000, 0.0000, 1.0000]
