cam0:
  T_cam_imu:
   [0.026329495886201426, 0.9994399802378576, -0.02065147811977136, 0.060135950817686315,
   -0.009342429015747666, 0.020903752124420416, 0.9997378417201225, 0.02004771075023642,
   0.9996096621514152, -0.026129658422445634, 0.009887582326438549, -0.1284909291668113,
   0.0, 0.0, 0.0, 1.0]
  cam_overlaps: [1]
  camera_model: pinhole
  distortion_coeffs: [-0.025511125147021443, 0.018991327068965915, -0.04905630862481929,
    0.025379002023335394]
  distortion_model: equidistant
  intrinsics: [348.06589588948265, 347.9911192003725, 329.76900446375186, 227.20295500052924]
  resolution: [644, 482]
  rostopic: /stereo/left/image_raw
  timeshift_cam_imu: 0.005
cam1:
  T_cam_imu:
   [0.0022138555421195028, 0.9998929608328045, -0.014462562727479866, -0.058236139425735425,
   -0.007074457755810726, 0.014477896479069663, 0.9998701628516588, 0.018698537171236172,
   0.999972525068114, -0.0021112533123727184, 0.007105752483102495, -0.12727370572151345,
   0.0, 0.0, 0.0, 1.0]
  T_cn_cnm1:
   [0.9996899640128215, 0.0064220605690357, -0.024056869914678144, -0.12157328311543568,
   -0.006365275126194762, 0.9999767735883539, 0.0024362997340812635, -0.0006528836541269497,
   0.024071957224371176, -0.0022824157978061405, 0.9997076229845976, -0.00022217717308227773,
   0.0, 0.0, 0.0, 1.0]
  cam_overlaps: [0]
  camera_model: pinhole
  distortion_coeffs: [-0.018311024088717393, -0.02246941113516079, 0.031921771051505315,
    -0.02050743731955075]
  distortion_model: equidistant
  intrinsics: [353.4681204537886, 353.514450036077, 327.23093503677893, 243.30425654487]
  resolution: [644, 482]
  rostopic: /stereo/right/image_raw
  timeshift_cam_imu: 0.005
T_imu_body:
  [1.0000, 0.0000, 0.0000, 0.0000,
  0.0000, 1.0000, 0.0000, 0.0000,
  0.0000, 0.0000, 1.0000, 0.0000,
  0.0000, 0.0000, 0.0000, 1.0000]
